255 255 255 255 255 255 255 255 255 255 255 255 255 255 255 255
255 255 255 255 255 255 255 255 255 255 255 255 255 255 255 255
255 255   0   0   0   0   0   0   0   0   0   0   0   0 255 255
255 255   0  23  46  46  46  46  46  46  46  46  23   0 255 255
255 255   0  46   0   0   0   0   0   0   0   0  46   0 255 255
255 255   0  46   0   0   0   0   0   0   0   0  46   0 255 255
255 255   0  46   0   0 255 255 255 255   0   0  46   0 255 255
255 255   0  46   0   0 255 255 255 255   0   0  46   0 255 255
255 255   0  46   0   0 255   0 158 255   0   0  46   0 255 255
255 255   0  46   0   0   0 255 255 222   0   0  46   0 255 255
255 255   0  46   0   0   0   0   0   0   0   0  46   0 255 255
255 255   0  46   0   0   0   0   0   0   0   0  46   0 255 255
255 255   0  23  46  46  46  46  46  46  46  46  23   0 255 255
255 255   0   0   0   0   0   0   0   0   0   0   0   0 255 255
255 255 255 255 255 255 255 255 255 255 255 255 255 255 255 255
255 255 255 255 255 255 255 255 255 255 255 255 255 255 255 255
255 255 255 255 255 255 255 255 255 255 255 255 255 255 255 255
255 255 255 255 255 255 255 255 255 255 255 255 255 255 255 255
255 255   0   0   0   0   0   0   0   0   0   0   0   0 255 255
255 255   0  23  46  46  46  46  46  46  46  46  23   0 255 255
255 255   0  46   0   0   0   0   0   0   0   0  46   0 255 255
255 255   0  46   0   0   0   0   0   0   0   0  46   0 255 255
255 255   0  46   0   0 255 255 255 255   0   0  46   0 255 255
255 255   0  46   0   0 255 255 255 255   0   0  46   0 255 255
255 255   0  46   0   0 255   0 158 255   0   0  46   0 255 255
255 255   0  46   0   0   0 255 255 222   0   0  46   0 255 255
255 255   0  46   0   0   0   0   0   0   0   0  46   0 255 255
255 255   0  46   0   0   0   0   0   0   0   0  46   0 255 255
255 255   0  23  46  46  46  46  46  46  46  46  23   0 255 255
255 255   0   0   0   0   0   0   0   0   0   0   0   0 255 255
255 255 255 255 255 255 255 255 255 255 255 255 255 255 255 255
255 255 255 255 255 255 255 255 255 255 255 255 255 255 255 255
255 255 255 255 255 255 255 255 255 255 255 255 255 255 255 255
255 255 255 255 255 255 255 255 255 255 255 255 255 255 255 255
255 255   0   0   0   0   0   0   0   0   0   0   0   0 255 255
255 255   0  23  46  46  46  46  46  46  46  46  23   0 255 255
255 255   0  46   0   0   0   0   0   0   0   0  46   0 255 255
255 255   0  46   0   0   0   0   0   0   0   0  46   0 255 255
255 255   0  46   0   0 255 255 255 255   0   0  46   0 255 255
255 255   0  46   0   0 255 255 255 255   0   0  46   0 255 255
255 255   0  46   0   0 255   0 158 255   0   0  46   0 255 255
255 255   0  46   0   0   0 255 255 222   0   0  46   0 255 255
255 255   0  46   0   0   0   0   0   0   0   0  46   0 255 255
255 255   0  46   0   0   0   0   0   0   0   0  46   0 255 255
255 255   0  23  46  46  46  46  46  46  46  46  23   0 255 255
255 255   0   0   0   0   0   0   0   0   0   0   0   0 255 255
255 255 255 255 255 255 255 255 255 255 255 255 255 255 255 255
255 255 255 255 255 255 255 255 255 255 255 255 255 255 255 255

255 255 255 255 255 255 255 255 255 255 255 255 255 255 255 255
255 214 153 153 153 153 153 153 153 153 153 153 153 153 214 255
255 153   0   0   0   0   0   0   0   0   0   0   0   0 153 255
255 153   0  51 114 114 114 114 114 114 114 114  51   0 153 255
255 153   0 114 166 104 104 104 104 104 104 166 114   0 153 255
255 153   0 114 104   0   0   0   0   0   0 104 114   0 153 255
255 153   0 114 104   0 159 206 206 118   0 104 114   0 153 255
255 153   0 114 104   0 190 222 158 169   0 104 114   0 153 255
255 153   0 114 104   0 174 177 155 177   0 104 114   0 153 255
255 153   0 114 104   0 155 201 201 104   0 104 114   0 153 255
255 153   0 114 104   0   0   0   0   0   0 104 114   0 153 255
255 153   0 114 166 104 104 104 104 104 104 166 114   0 153 255
255 153   0  51 114 114 114 114 114 114 114 114  51   0 153 255
255 153   0   0   0   0   0   0   0   0   0   0   0   0 153 255
255 214 153 153 153 153 153 153 153 153 153 153 153 153 214 255
255 255 255 255 255 255 255 255 255 255 255 255 255 255 255 255
255 255 255 255 255 255 255 255 255 255 255 255 255 255 255 255
255 214 153 153 153 153 153 153 153 153 153 153 153 153 214 255
255 153   0   0   0   0   0   0   0   0   0   0   0   0 153 255
255 153   0  51 114 114 114 114 114 114 114 114  51   0 153 255
255 153   0 114 166 104 104 104 104 104 104 166 114   0 153 255
255 153   0 114 104   0   0   0   0   0   0 104 114   0 153 255
255 153   0 114 104   0 159 206 206 118   0 104 114   0 153 255
255 153   0 114 104   0 190 222 158 169   0 104 114   0 153 255
255 153   0 114 104   0 174 177 155 177   0 104 114   0 153 255
255 153   0 114 104   0 155 201 201 104   0 104 114   0 153 255
255 153   0 114 104   0   0   0   0   0   0 104 114   0 153 255
255 153   0 114 166 104 104 104 104 104 104 166 114   0 153 255
255 153   0  51 114 114 114 114 114 114 114 114  51   0 153 255
255 153   0   0   0   0   0   0   0   0   0   0   0   0 153 255
255 214 153 153 153 153 153 153 153 153 153 153 153 153 214 255
255 255 255 255 255 255 255 255 255 255 255 255 255 255 255 255
255 255 255 255 255 255 255 255 255 255 255 255 255 255 255 255
255 214 153 153 153 153 153 153 153 153 153 153 153 153 214 255
255 153   0   0   0   0   0   0   0   0   0   0   0   0 153 255
255 153   0  51 114 114 114 114 114 114 114 114  51   0 153 255
255 153   0 114 166 104 104 104 104 104 104 166 114   0 153 255
255 153   0 114 104   0   0   0   0   0   0 104 114   0 153 255
255 153   0 114 104   0 159 206 206 118   0 104 114   0 153 255
255 153   0 114 104   0 190 222 158 169   0 104 114   0 153 255
255 153   0 114 104   0 174 177 155 177   0 104 114   0 153 255
255 153   0 114 104   0 155 201 201 104   0 104 114   0 153 255
255 153   0 114 104   0   0   0   0   0   0 104 114   0 153 255
255 153   0 114 166 104 104 104 104 104 104 166 114   0 153 255
255 153   0  51 114 114 114 114 114 114 114 114  51   0 153 255
255 153   0   0   0   0   0   0   0   0   0   0   0   0 153 255
255 214 153 153 153 153 153 153 153 153 153 153 153 153 214 255
255 255 255 255 255 255 255 255 255 255 255 255 255 255 255 255

255 255 255 255 255 255 255 255 255 255 255 255 255 255 255 255
255 214 153 153 153 153 153 153 153 153 153 153 153 153 214 255
255 153   0   0   0   0   0   0   0   0   0   0   0   0 153 255
255 153   0  51 114 114 114 114 114 114 114 114  51   0 153 255
255 153   0 114 166 104 104 104 104 104 104 166 114   0 153 255
255 153   0 114 104   0   0   0   0   0   0 104 114   0 153 255
255 153   0 114 104   0 118 169 177 104   0 104 114   0 153 255
255 153   0 114 104   0 206 158 155 201   0 104 114   0 153 255
255 153   0 114 104   0 206 222 177 201   0 104 114   0 153 255
255 153   0 114 104   0 159 190 174 155   0 104 114   0 153 255
255 153   0 114 104   0   0   0   0   0   0 104 114   0 153 255
255 153   0 114 166 104 104 104 104 104 104 166 114   0 153 255
255 153   0  51 114 114 114 114 114 114 114 114  51   0 153 255
255 153   0   0   0   0   0   0   0   0   0   0   0   0 153 255
255 214 153 153 153 153 153 153 153 153 153 153 153 153 214 255
255 255 255 255 255 255 255 255 255 255 255 255 255 255 255 255
255 255 255 255 255 255 255 255 255 255 255 255 255 255 255 255
255 214 153 153 153 153 153 153 153 153 153 153 153 153 214 255
255 153   0   0   0   0   0   0   0   0   0   0   0   0 153 255
255 153   0  51 114 114 114 114 114 114 114 114  51   0 153 255
255 153   0 114 166 104 104 104 104 104 104 166 114   0 153 255
255 153   0 114 104   0   0   0   0   0   0 104 114   0 153 255
255 153   0 114 104   0 118 169 177 104   0 104 114   0 153 255
255 153   0 114 104   0 206 158 155 201   0 104 114   0 153 255
255 153   0 114 104   0 206 222 177 201   0 104 114   0 153 255
255 153   0 114 104   0 159 190 174 155   0 104 114   0 153 255
255 153   0 114 104   0   0   0   0   0   0 104 114   0 153 255
255 153   0 114 166 104 104 104 104 104 104 166 114   0 153 255
255 153   0  51 114 114 114 114 114 114 114 114  51   0 153 255
255 153   0   0   0   0   0   0   0   0   0   0   0   0 153 255
255 214 153 153 153 153 153 153 153 153 153 153 153 153 214 255
255 255 255 255 255 255 255 255 255 255 255 255 255 255 255 255
255 255 255 255 255 255 255 255 255 255 255 255 255 255 255 255
255 214 153 153 153 153 153 153 153 153 153 153 153 153 214 255
255 153   0   0   0   0   0   0   0   0   0   0   0   0 153 255
255 153   0  51 114 114 114 114 114 114 114 114  51   0 153 255
255 153   0 114 166 104 104 104 104 104 104 166 114   0 153 255
255 153   0 114 104   0   0   0   0   0   0 104 114   0 153 255
255 153   0 114 104   0 118 169 177 104   0 104 114   0 153 255
255 153   0 114 104   0 206 158 155 201   0 104 114   0 153 255
255 153   0 114 104   0 206 222 177 201   0 104 114   0 153 255
255 153   0 114 104   0 159 190 174 155   0 104 114   0 153 255
255 153   0 114 104   0   0   0   0   0   0 104 114   0 153 255
255 153   0 114 166 104 104 104 104 104 104 166 114   0 153 255
255 153   0  51 114 114 114 114 114 114 114 114  51   0 153 255
255 153   0   0   0   0   0   0   0   0   0   0   0   0 153 255
255 214 153 153 153 153 153 153 153 153 153 153 153 153 214 255
255 255 255 255 255 255 255 255 255 255 255 255 255 255 255 255

255 255 255 255 255 255 255 255 255 255 255 255 255 255 255 255
255 214 153 153 153 153 153 153 153 153 153 153 153 153 214 255
255 153   0   0   0   0   0   0   0   0   0   0   0   0 153 255
255 153   0  51 114 114 114 114 114 114 114 114  51   0 153 255
255 153   0 114 166 104 104 104 104 104 104 166 114   0 153 255
255 153   0 114 104   0   0   0   0   0   0 104 114   0 153 255
255 153   0 114 104   0 104 201 201 155   0 104 114   0 153 255
255 153   0 114 104   0 177 155 177 174   0 104 114   0 153 255
255 153   0 114 104   0 169 158 222 190   0 104 114   0 153 255
255 153   0 114 104   0 118 206 206 159   0 104 114   0 153 255
255 153   0 114 104   0   0   0   0   0   0 104 114   0 153 255
255 153   0 114 166 104 104 104 104 104 104 166 114   0 153 255
255 153   0  51 114 114 114 114 114 114 114 114  51   0 153 255
255 153   0   0   0   0   0   0   0   0   0   0   0   0 153 255
255 214 153 153 153 153 153 153 153 153 153 153 153 153 214 255
255 255 255 255 255 255 255 255 255 255 255 255 255 255 255 255
255 255 255 255 255 255 255 255 255 255 255 255 255 255 255 255
255 214 153 153 153 153 153 153 153 153 153 153 153 153 214 255
255 153   0   0   0   0   0   0   0   0   0   0   0   0 153 255
255 153   0  51 114 114 114 114 114 114 114 114  51   0 153 255
255 153   0 114 166 104 104 104 104 104 104 166 114   0 153 255
255 153   0 114 104   0   0   0   0   0   0 104 114   0 153 255
255 153   0 114 104   0 104 201 201 155   0 104 114   0 153 255
255 153   0 114 104   0 177 155 177 174   0 104 114   0 153 255
255 153   0 114 104   0 169 158 222 190   0 104 114   0 153 255
255 153   0 114 104   0 118 206 206 159   0 104 114   0 153 255
255 153   0 114 104   0   0   0   0   0   0 104 114   0 153 255
255 153   0 114 166 104 104 104 104 104 104 166 114   0 153 255
255 153   0  51 114 114 114 114 114 114 114 114  51   0 153 255
255 153   0   0   0   0   0   0   0   0   0   0   0   0 153 255
255 214 153 153 153 153 153 153 153 153 153 153 153 153 214 255
255 255 255 255 255 255 255 255 255 255 255 255 255 255 255 255
255 255 255 255 255 255 255 255 255 255 255 255 255 255 255 255
255 214 153 153 153 153 153 153 153 153 153 153 153 153 214 255
255 153   0   0   0   0   0   0   0   0   0   0   0   0 153 255
255 153   0  51 114 114 114 114 114 114 114 114  51   0 153 255
255 153   0 114 166 104 104 104 104 104 104 166 114   0 153 255
255 153   0 114 104   0   0   0   0   0   0 104 114   0 153 255
255 153   0 114 104   0 104 201 201 155   0 104 114   0 153 255
255 153   0 114 104   0 177 155 177 174   0 104 114   0 153 255
255 153   0 114 104   0 169 158 222 190   0 104 114   0 153 255
255 153   0 114 104   0 118 206 206 159   0 104 114   0 153 255
255 153   0 114 104   0   0   0   0   0   0 104 114   0 153 255
255 153   0 114 166 104 104 104 104 104 104 166 114   0 153 255
255 153   0  51 114 114 114 114 114 114 114 114  51   0 153 255
255 153   0   0   0   0   0   0   0   0   0   0   0   0 153 255
255 214 153 153 153 153 153 153 153 153 153 153 153 153 214 255
255 255 255 255 255 255 255 255 255 255 255 255 255 255 255 255
